100 500
(1,5,646) (1,6,303) (1,11,921) (1,22,533) (1,39,846) (1,40,442) (1,44,48) (1,46,794) (1,48,852) (1,79,795) 
(1,85,147) (1,87,473) (1,98,955) 
(2,6,406) (2,12,709) (2,25,951) (2,31,791) (2,60,944) (2,80,207) (2,90,416) 
(3,10,709) (3,15,157) (3,36,940) (3,56,524) (3,58,292) (3,58,788) (3,59,716) (3,66,864) (3,75,662) (3,79,411) 
(3,81,764) (3,84,137) 
(4,20,335) (4,37,331) (4,41,314) (4,44,835) (4,45,692) (4,50,359) (4,51,206) (4,53,672) (4,73,790) (4,83,546) 
(4,96,136) 
(5,1,646) (5,10,66) (5,19,255) (5,40,53) (5,49,672) (5,64,680) (5,67,215) (5,69,163) (5,96,818) (5,98,8) 
(6,1,303) (6,2,406) (6,9,357) (6,13,524) (6,20,126) (6,38,653) (6,45,558) (6,57,187) (6,58,204) (6,60,200) 
(6,78,674) (6,100,279) 
(7,15,473) (7,16,6) (7,20,456) (7,22,846) (7,67,527) (7,87,74) (7,89,351) (7,90,982) 
(8,14,596) (8,16,10) (8,51,394) (8,61,942) (8,64,832) (8,74,215) (8,77,405) (8,100,513) 
(9,6,357) (9,13,181) (9,24,132) (9,38,951) (9,40,132) (9,42,348) (9,44,703) (9,49,855) (9,55,968) (9,61,655) 
(9,73,930) (9,76,439) (9,85,618) (9,95,934) (9,97,24) 
(10,3,709) (10,5,66) (10,20,935) (10,27,47) (10,29,596) (10,36,92) (10,40,654) (10,44,450) (10,47,638) (10,65,155) 
(10,70,649) (10,72,764) (10,76,39) (10,79,774) (10,80,146) (10,81,146) (10,100,195) 
(11,1,921) (11,16,619) (11,18,854) (11,22,611) (11,29,408) (11,36,107) (11,38,619) (11,52,966) (11,56,943) (11,75,171) 
(11,98,330) 
(12,2,709) (12,16,727) (12,39,189) (12,41,890) (12,53,936) (12,57,416) 
(13,6,524) (13,9,181) (13,21,776) (13,22,301) (13,41,450) (13,48,936) (13,60,585) 
(14,8,596) (14,46,994) (14,64,913) (14,66,485) (14,80,931) (14,84,663) (14,92,622) (14,95,197) (14,97,994) 
(15,3,157) (15,7,473) (15,17,711) (15,27,480) (15,31,96) (15,35,775) (15,48,236) (15,51,768) (15,53,626) (15,57,66) 
(15,63,478) (15,64,917) (15,69,924) (15,77,912) (15,79,729) (15,83,825) 
(16,7,6) (16,8,10) (16,11,619) (16,12,727) (16,18,92) (16,32,914) (16,46,437) (16,51,212) (16,66,207) (16,70,766) 
(16,98,613) 
(17,15,711) (17,19,880) (17,36,896) (17,53,730) (17,59,187) (17,61,687) (17,63,150) (17,68,34) (17,92,358) (17,99,647) 
(18,11,854) (18,16,92) (18,30,212) (18,33,722) (18,53,206) (18,71,828) (18,76,246) (18,78,934) (18,79,979) (18,87,518) 
(18,95,500) (18,99,631) 
(19,5,255) (19,17,880) (19,32,818) (19,40,562) (19,47,59) (19,50,821) (19,50,414) 
(20,4,335) (20,6,126) (20,7,456) (20,10,935) (20,23,971) (20,26,807) (20,26,423) (20,36,216) (20,39,169) (20,43,464) 
(20,58,713) (20,59,105) (20,67,294) (20,92,536) (20,93,352) (20,99,758) 
(21,13,776) (21,30,453) (21,33,622) (21,34,374) (21,47,185) (21,65,993) (21,91,780) 
(22,1,533) (22,7,846) (22,11,611) (22,13,301) (22,74,306) (22,91,414) (22,92,908) 
(23,20,971) (23,32,102) (23,45,264) (23,53,768) (23,58,411) (23,60,957) (23,69,347) (23,72,573) (23,81,298) (23,82,504) 
(23,86,334) (23,87,327) 
(24,9,132) (24,33,234) (24,41,598) (24,51,170) (24,100,997) 
(25,2,951) (25,28,186) (25,31,734) (25,41,323) (25,58,18) (25,65,330) (25,68,42) (25,69,139) (25,75,333) (25,77,442) 
(25,89,327) 
(26,20,807) (26,20,423) (26,31,272) (26,35,68) (26,50,686) (26,72,71) (26,80,869) (26,86,754) (26,90,424) (26,94,451) 
(27,10,47) (27,15,480) (27,39,642) (27,46,650) (27,60,889) (27,69,760) (27,71,943) (27,80,978) (27,81,235) (27,92,926) 
(27,100,387) 
(28,25,186) (28,30,497) (28,37,345) (28,41,325) (28,73,248) 
(29,10,596) (29,11,408) (29,32,338) (29,39,763) (29,39,341) (29,64,660) (29,65,829) (29,78,587) (29,83,703) 
(30,18,212) (30,21,453) (30,28,497) (30,37,157) (30,40,499) (30,43,603) (30,52,174) (30,79,792) (30,87,275) 
(31,2,791) (31,15,96) (31,25,734) (31,26,272) (31,32,618) (31,37,644) (31,57,352) (31,71,361) (31,73,918) (31,84,849) 
(32,16,914) (32,19,818) (32,23,102) (32,29,338) (32,31,618) (32,38,41) (32,50,745) (32,53,561) (32,58,718) (32,67,745) 
(32,79,537) (32,83,696) (32,94,656) (32,99,82) 
(33,18,722) (33,21,622) (33,24,234) (33,35,350) (33,39,587) (33,44,948) (33,51,843) (33,55,701) (33,58,522) (33,79,798) 
(33,85,187) (33,96,585) 
(34,21,374) (34,47,509) (34,72,264) (34,75,752) (34,76,712) 
(35,15,775) (35,26,68) (35,33,350) (35,45,277) (35,57,543) (35,62,384) (35,77,830) (35,80,722) (35,84,119) (35,90,23) 
(35,90,137) (35,94,483) 
(36,3,940) (36,10,92) (36,11,107) (36,17,896) (36,20,216) (36,37,560) (36,46,19) (36,49,683) (36,49,623) (36,50,115) 
(36,51,911) (36,60,493) (36,63,999) (36,63,995) (36,71,316) (36,82,663) (36,83,217) (36,87,813) (36,89,62) (36,90,440) 
(36,93,791) 
(37,4,331) (37,28,345) (37,30,157) (37,31,644) (37,36,560) (37,50,50) (37,51,608) (37,68,688) (37,92,316) 
(38,6,653) (38,9,951) (38,11,619) (38,32,41) (38,71,417) (38,74,491) (38,76,182) (38,77,44) (38,78,711) (38,82,981) 
(39,1,846) (39,12,189) (39,20,169) (39,27,642) (39,29,763) (39,29,341) (39,33,587) (39,54,232) (39,73,91) (39,76,196) 
(39,77,851) (39,81,138) (39,98,39) 
(40,1,442) (40,5,53) (40,9,132) (40,10,654) (40,19,562) (40,30,499) (40,68,439) (40,83,834) 
(41,4,314) (41,12,890) (41,13,450) (41,24,598) (41,25,323) (41,28,325) (41,43,472) (41,59,894) (41,68,709) (41,72,250) 
(41,76,795) (41,85,874) (41,88,992) 
(42,9,348) (42,43,106) (42,47,156) (42,57,307) (42,64,579) (42,66,239) (42,67,95) (42,72,667) (42,73,42) (42,77,899) 
(42,80,304) (42,82,888) (42,97,650) 
(43,20,464) (43,30,603) (43,41,472) (43,42,106) (43,61,708) (43,72,187) (43,100,100) 
(44,1,48) (44,4,835) (44,9,703) (44,10,450) (44,33,948) (44,56,619) (44,64,540) (44,68,134) (44,72,826) 
(45,4,692) (45,6,558) (45,23,264) (45,35,277) (45,49,801) (45,66,872) (45,87,288) 
(46,1,794) (46,14,994) (46,16,437) (46,27,650) (46,36,19) (46,63,776) (46,75,702) (46,79,105) 
(47,10,638) (47,19,59) (47,21,185) (47,34,509) (47,42,156) (47,66,210) (47,69,441) (47,89,905) 
(48,1,852) (48,13,936) (48,15,236) (48,57,228) (48,58,665) (48,65,829) (48,67,582) (48,69,385) (48,70,578) (48,79,317) 
(48,90,233) (48,95,151) (48,99,812) 
(49,5,672) (49,9,855) (49,36,683) (49,36,623) (49,45,801) (49,67,657) (49,91,162) 
(50,4,359) (50,19,821) (50,19,414) (50,26,686) (50,32,745) (50,36,115) (50,37,50) (50,54,854) (50,66,790) (50,73,750) 
(50,83,804) (50,94,319) 
(51,4,206) (51,8,394) (51,15,768) (51,16,212) (51,24,170) (51,33,843) (51,36,911) (51,37,608) (51,71,32) (51,78,789) 
(51,81,538) (51,90,985) (51,95,728) 
(52,11,966) (52,30,174) (52,64,678) (52,78,102) (52,89,382) (52,98,718) 
(53,4,672) (53,12,936) (53,15,626) (53,17,730) (53,18,206) (53,23,768) (53,32,561) (53,71,892) (53,76,352) (53,90,50) 
(54,39,232) (54,50,854) (54,63,223) (54,63,699) (54,83,750) (54,84,242) (54,91,243) (54,92,873) (54,93,176) 
(55,9,968) (55,33,701) (55,77,109) 
(56,3,524) (56,11,943) (56,44,619) (56,71,642) 
(57,6,187) (57,12,416) (57,15,66) (57,31,352) (57,35,543) (57,42,307) (57,48,228) (57,63,150) (57,67,623) (57,90,413) 
(58,3,788) (58,3,292) (58,6,204) (58,20,713) (58,23,411) (58,25,18) (58,32,718) (58,33,522) (58,48,665) (58,69,975) 
(58,84,611) (58,92,280) 
(59,3,716) (59,17,187) (59,20,105) (59,41,894) (59,75,833) (59,78,63) (59,83,645) (59,97,390) 
(60,2,944) (60,6,200) (60,13,585) (60,23,957) (60,27,889) (60,36,493) (60,67,961) (60,73,181) (60,95,737) (60,96,349) 
(60,100,905) 
(61,8,942) (61,9,655) (61,17,687) (61,43,708) (61,63,391) (61,68,972) (61,80,139) (61,82,450) (61,97,471) 
(62,35,384) (62,66,981) (62,86,686) (62,93,149) 
(63,15,478) (63,17,150) (63,36,995) (63,36,999) (63,46,776) (63,54,223) (63,54,699) (63,57,150) (63,61,391) (63,67,906) 
(63,70,943) (63,70,397) (63,74,261) 
(64,5,680) (64,8,832) (64,14,913) (64,15,917) (64,29,660) (64,42,579) (64,44,540) (64,52,678) (64,68,941) (64,89,84) 
(64,95,444) (64,97,238) 
(65,10,155) (65,21,993) (65,25,330) (65,29,829) (65,48,829) (65,69,300) (65,71,482) (65,91,364) 
(66,3,864) (66,14,485) (66,16,207) (66,42,239) (66,45,872) (66,47,210) (66,50,790) (66,62,981) (66,68,948) (66,83,250) 
(66,85,483) (66,100,343) 
(67,5,215) (67,7,527) (67,20,294) (67,32,745) (67,42,95) (67,48,582) (67,49,657) (67,57,623) (67,60,961) (67,63,906) 
(67,83,763) (67,86,240) (67,91,345) (67,95,16) (67,95,301) (67,97,254) 
(68,17,34) (68,25,42) (68,37,688) (68,40,439) (68,41,709) (68,44,134) (68,61,972) (68,64,941) (68,66,948) (68,79,838) 
(68,82,898) (68,84,981) (68,89,964) (68,100,457) 
(69,5,163) (69,15,924) (69,23,347) (69,25,139) (69,27,760) (69,47,441) (69,48,385) (69,58,975) (69,65,300) (69,70,513) 
(69,72,147) (69,79,566) (69,86,459) (69,99,928) 
(70,10,649) (70,16,766) (70,48,578) (70,63,943) (70,63,397) (70,69,513) 
(71,18,828) (71,27,943) (71,31,361) (71,36,316) (71,38,417) (71,51,32) (71,53,892) (71,56,642) (71,65,482) (71,74,900) 
(71,78,476) (71,80,337) (71,85,626) (71,89,655) 
(72,10,764) (72,23,573) (72,26,71) (72,34,264) (72,41,250) (72,42,667) (72,43,187) (72,44,826) (72,69,147) (72,81,624) 
(72,83,63) (72,86,3) (72,87,230) (72,93,748) 
(73,4,790) (73,9,930) (73,28,248) (73,31,918) (73,39,91) (73,42,42) (73,50,750) (73,60,181) (73,77,268) (73,93,378) 
(73,100,613) 
(74,8,215) (74,22,306) (74,38,491) (74,63,261) (74,71,900) (74,96,336) 
(75,3,662) (75,11,171) (75,25,333) (75,34,752) (75,46,702) (75,59,833) (75,86,991) (75,98,692) 
(76,9,439) (76,10,39) (76,18,246) (76,34,712) (76,38,182) (76,39,196) (76,41,795) (76,53,352) (76,86,676) (76,93,855) 
(77,8,405) (77,15,912) (77,25,442) (77,35,830) (77,38,44) (77,39,851) (77,42,899) (77,55,109) (77,73,268) (77,88,970) 
(77,94,3) 
(78,6,674) (78,18,934) (78,29,587) (78,38,711) (78,51,789) (78,52,102) (78,59,63) (78,71,476) (78,92,188) (78,99,488) 
(78,100,341) 
(79,1,795) (79,3,411) (79,10,774) (79,15,729) (79,18,979) (79,30,792) (79,32,537) (79,33,798) (79,46,105) (79,48,317) 
(79,68,838) (79,69,566) 
(80,2,207) (80,10,146) (80,14,931) (80,26,869) (80,27,978) (80,35,722) (80,42,304) (80,61,139) (80,71,337) (80,82,226) 
(80,93,390) (80,100,139) 
(81,3,764) (81,10,146) (81,23,298) (81,27,235) (81,39,138) (81,51,538) (81,72,624) (81,86,496) 
(82,23,504) (82,36,663) (82,38,981) (82,42,888) (82,61,450) (82,68,898) (82,80,226) (82,85,616) 
(83,4,546) (83,15,825) (83,29,703) (83,32,696) (83,36,217) (83,40,834) (83,50,804) (83,54,750) (83,59,645) (83,66,250) 
(83,67,763) (83,72,63) (83,100,537) 
(84,3,137) (84,14,663) (84,31,849) (84,35,119) (84,54,242) (84,58,611) (84,68,981) 
(85,1,147) (85,9,618) (85,33,187) (85,41,874) (85,66,483) (85,71,626) (85,82,616) (85,96,149) (85,99,157) 
(86,23,334) (86,26,754) (86,62,686) (86,67,240) (86,69,459) (86,72,3) (86,75,991) (86,76,676) (86,81,496) (86,87,414) 
(86,97,259) 
(87,1,473) (87,7,74) (87,18,518) (87,23,327) (87,30,275) (87,36,813) (87,45,288) (87,72,230) (87,86,414) (87,92,13) 
(87,95,95) (87,97,14) (87,100,541) 
(88,41,992) (88,77,970) (88,90,248) 
(89,7,351) (89,25,327) (89,36,62) (89,47,905) (89,52,382) (89,64,84) (89,68,964) (89,71,655) (89,99,618) 
(90,2,416) (90,7,982) (90,26,424) (90,35,137) (90,35,23) (90,36,440) (90,48,233) (90,51,985) (90,53,50) (90,57,413) 
(90,88,248) (90,94,460) 
(91,21,780) (91,22,414) (91,49,162) (91,54,243) (91,65,364) (91,67,345) 
(92,14,622) (92,17,358) (92,20,536) (92,22,908) (92,27,926) (92,37,316) (92,54,873) (92,58,280) (92,78,188) (92,87,13) 
(92,95,834) (92,99,321) 
(93,20,352) (93,36,791) (93,54,176) (93,62,149) (93,72,748) (93,73,378) (93,76,855) (93,80,390) 
(94,26,451) (94,32,656) (94,35,483) (94,50,319) (94,77,3) (94,90,460) 
(95,9,934) (95,14,197) (95,18,500) (95,48,151) (95,51,728) (95,60,737) (95,64,444) (95,67,301) (95,67,16) (95,87,95) 
(95,92,834) 
(96,4,136) (96,5,818) (96,33,585) (96,60,349) (96,74,336) (96,85,149) 
(97,9,24) (97,14,994) (97,42,650) (97,59,390) (97,61,471) (97,64,238) (97,67,254) (97,86,259) (97,87,14) 
(98,1,955) (98,5,8) (98,11,330) (98,16,613) (98,39,39) (98,52,718) (98,75,692) 
(99,17,647) (99,18,631) (99,20,758) (99,32,82) (99,48,812) (99,69,928) (99,78,488) (99,85,157) (99,89,618) (99,92,321) 
(100,6,279) (100,8,513) (100,10,195) (100,24,997) (100,27,387) (100,43,100) (100,60,905) (100,66,343) (100,68,457) (100,73,613) 
(100,78,341) (100,80,139) (100,83,537) (100,87,541) 

