100 500
(1,5,93) (1,17,313) (1,20,141) (1,61,848) (1,62,465) (1,78,429) (1,87,48) (1,94,965) 
(2,4,841) (2,23,471) (2,34,328) (2,39,148) (2,48,19) (2,53,455) (2,63,253) (2,77,410) (2,81,924) (2,97,886) 
(3,9,179) (3,16,596) (3,20,265) (3,29,761) (3,40,792) (3,56,597) (3,62,114) (3,71,77) (3,100,51) 
(4,2,841) (4,12,986) (4,15,950) (4,21,238) (4,23,506) (4,26,389) (4,37,185) (4,45,693) (4,46,750) (4,50,106) 
(4,51,387) (4,71,903) (4,90,321) (4,91,206) (4,94,873) (4,100,381) 
(5,1,93) (5,8,420) (5,9,995) (5,18,409) (5,23,409) (5,33,70) (5,57,946) (5,62,711) (5,63,776) (5,97,720) 
(6,17,833) (6,19,748) (6,20,10) (6,21,522) (6,76,632) (6,92,742) (6,98,57) (6,99,430) 
(7,20,278) (7,24,869) (7,34,664) (7,40,1) (7,41,990) (7,45,278) (7,52,627) (7,57,18) (7,60,939) (7,75,846) 
(7,82,335) (7,90,915) 
(8,5,420) (8,26,247) (8,46,467) (8,47,369) (8,53,292) (8,65,521) (8,77,690) (8,85,761) (8,100,300) 
(9,3,179) (9,5,995) (9,17,779) (9,18,758) (9,55,409) (9,69,773) (9,83,229) (9,87,707) 
(10,30,979) (10,30,613) (10,32,967) (10,51,634) (10,57,674) (10,59,448) (10,86,670) (10,95,462) 
(11,17,190) (11,31,901) (11,47,979) (11,48,729) (11,60,340) (11,61,298) (11,67,530) (11,74,691) (11,82,194) (11,83,233) 
(11,99,861) 
(12,4,986) (12,20,531) (12,24,825) (12,25,522) (12,36,128) (12,46,169) (12,55,245) (12,60,177) (12,62,869) (12,65,115) 
(12,72,973) (12,72,901) (12,92,294) (12,93,779) 
(13,56,987) (13,62,822) (13,71,83) (13,75,416) (13,82,422) (13,89,225) 
(14,19,246) (14,24,456) (14,38,409) (14,40,552) (14,75,747) (14,77,880) (14,79,356) (14,87,119) (14,93,872) (14,97,833) 
(15,4,950) (15,17,545) (15,25,363) (15,35,761) (15,40,378) (15,44,510) (15,50,583) (15,50,422) (15,57,930) (15,72,815) 
(15,78,305) (15,82,147) (15,94,232) 
(16,3,596) (16,36,496) (16,62,211) (16,65,989) (16,75,517) (16,91,458) (16,95,973) (16,100,42) 
(17,1,313) (17,6,833) (17,9,779) (17,11,190) (17,15,545) (17,23,520) (17,38,572) (17,40,558) (17,48,525) (17,76,114) 
(17,89,12) (17,96,697) (17,98,98) 
(18,5,409) (18,9,758) (18,21,519) (18,32,25) (18,37,135) (18,55,699) (18,66,197) (18,76,312) (18,86,437) (18,93,933) 
(19,6,748) (19,14,246) (19,20,97) (19,23,594) (19,52,575) (19,94,50) 
(20,1,141) (20,3,265) (20,6,10) (20,7,278) (20,12,531) (20,19,97) (20,29,812) (20,40,517) (20,42,30) (20,63,930) 
(20,69,582) (20,77,34) (20,90,481) 
(21,4,238) (21,6,522) (21,18,519) (21,27,970) (21,28,344) (21,30,923) (21,32,357) (21,66,919) (21,73,652) (21,90,300) 
(21,94,797) (21,96,614) 
(22,31,497) (22,34,644) (22,38,648) (22,39,613) (22,40,480) (22,44,532) (22,56,642) (22,62,498) (22,78,635) (22,83,232) 
(22,83,347) (22,91,323) (22,97,995) 
(23,2,471) (23,4,506) (23,5,409) (23,17,520) (23,19,594) (23,30,110) (23,48,963) (23,55,292) (23,66,826) (23,69,803) 
(23,72,412) (23,89,955) (23,96,913) 
(24,7,869) (24,12,825) (24,14,456) (24,36,420) (24,58,630) (24,59,886) (24,76,772) (24,79,915) (24,82,617) (24,88,67) 
(24,96,58) 
(25,12,522) (25,15,363) (25,27,287) (25,35,50) (25,47,628) (25,50,53) (25,53,3) (25,57,499) (25,58,252) (25,83,817) 
(26,4,389) (26,8,247) (26,27,737) (26,31,434) (26,72,154) (26,73,537) (26,81,343) (26,93,879) (26,96,134) 
(27,21,970) (27,25,287) (27,26,737) (27,31,789) (27,46,95) (27,50,293) (27,56,421) (27,62,836) (27,76,723) (27,83,680) 
(27,99,195) 
(28,21,344) (28,29,596) (28,45,267) (28,69,526) (28,78,651) (28,93,652) (28,95,849) (28,99,72) 
(29,3,761) (29,20,812) (29,28,596) (29,36,794) (29,42,54) (29,85,773) (29,98,319) 
(30,10,613) (30,10,979) (30,21,923) (30,23,110) (30,33,532) (30,39,176) (30,58,778) (30,65,474) (30,68,545) (30,75,523) 
(30,82,648) (30,91,571) 
(31,11,901) (31,22,497) (31,26,434) (31,27,789) (31,41,866) (31,59,796) (31,71,324) (31,80,400) 
(32,10,967) (32,18,25) (32,21,357) (32,40,943) (32,45,731) (32,47,608) (32,47,51) (32,51,929) (32,61,994) (32,73,840) 
(32,74,821) (32,77,659) (32,91,579) (32,99,805) (32,100,57) 
(33,5,70) (33,30,532) (33,34,389) (33,36,380) (33,39,359) (33,61,929) (33,75,597) (33,93,755) 
(34,2,328) (34,7,664) (34,22,644) (34,33,389) (34,46,363) (34,48,118) (34,56,989) (34,60,583) (34,62,873) (34,67,934) 
(34,78,398) (34,81,803) (34,89,38) (34,97,419) 
(35,15,761) (35,25,50) (35,39,114) (35,54,508) (35,57,902) (35,61,240) (35,62,103) (35,63,525) (35,74,313) (35,86,783) 
(36,12,128) (36,16,496) (36,24,420) (36,29,794) (36,33,380) (36,39,292) (36,53,789) (36,55,444) (36,56,381) (36,61,899) 
(36,71,324) (36,76,859) (36,77,58) (36,100,765) 
(37,4,185) (37,18,135) (37,49,23) (37,79,289) 
(38,14,409) (38,17,572) (38,22,648) (38,61,533) (38,67,737) (38,69,765) (38,77,867) (38,93,893) 
(39,2,148) (39,22,613) (39,30,176) (39,33,359) (39,35,114) (39,36,292) (39,44,360) (39,60,196) (39,75,812) (39,76,408) 
(39,79,915) 
(40,3,792) (40,7,1) (40,14,552) (40,15,378) (40,17,558) (40,20,517) (40,22,480) (40,32,943) (40,72,917) (40,73,30) 
(40,82,909) (40,100,464) 
(41,7,990) (41,31,866) (41,44,296) (41,50,768) (41,63,764) (41,74,720) (41,86,134) 
(42,20,30) (42,29,54) (42,45,566) (42,53,498) (42,61,88) (42,97,643) 
(43,50,882) (43,65,963) (43,71,944) (43,72,135) (43,73,8) (43,83,678) (43,87,985) 
(44,15,510) (44,22,532) (44,39,360) (44,41,296) (44,88,36) (44,94,46) 
(45,4,693) (45,7,278) (45,28,267) (45,32,731) (45,42,566) (45,54,518) (45,80,149) (45,82,628) (45,83,361) (45,89,386) 
(46,4,750) (46,8,467) (46,12,169) (46,27,95) (46,34,363) (46,51,359) (46,67,516) (46,74,252) (46,89,284) 
(47,8,369) (47,11,979) (47,25,628) (47,32,608) (47,32,51) (47,61,291) (47,77,966) (47,90,88) (47,94,875) (47,95,360) 
(47,96,421) (47,100,201) 
(48,2,19) (48,11,729) (48,17,525) (48,23,963) (48,34,118) (48,51,448) (48,81,465) (48,84,136) (48,90,373) (48,94,619) 
(49,37,23) (49,51,302) (49,52,858) (49,52,331) (49,71,6) (49,74,69) (49,77,301) (49,79,136) (49,89,253) 
(50,4,106) (50,15,583) (50,15,422) (50,25,53) (50,27,293) (50,41,768) (50,43,882) (50,57,669) (50,65,485) (50,83,39) 
(50,88,703) 
(51,4,387) (51,10,634) (51,32,929) (51,46,359) (51,48,448) (51,49,302) (51,80,958) (51,85,300) (51,89,738) (51,92,264) 
(52,7,627) (52,19,575) (52,49,331) (52,49,858) (52,64,313) (52,66,340) (52,84,598) (52,92,423) 
(53,2,455) (53,8,292) (53,25,3) (53,36,789) (53,42,498) (53,68,231) (53,90,617) (53,96,467) (53,96,234) 
(54,35,508) (54,45,518) (54,57,874) (54,76,353) (54,80,810) (54,88,413) 
(55,9,409) (55,12,245) (55,18,699) (55,23,292) (55,36,444) (55,61,907) (55,62,141) (55,66,44) (55,78,467) (55,91,946) 
(55,93,204) 
(56,3,597) (56,13,987) (56,22,642) (56,27,421) (56,34,989) (56,36,381) (56,57,652) (56,58,276) (56,67,92) (56,70,432) 
(56,81,322) (56,89,280) (56,94,340) 
(57,5,946) (57,7,18) (57,10,674) (57,15,930) (57,25,499) (57,35,902) (57,50,669) (57,54,874) (57,56,652) (57,67,555) 
(57,82,303) (57,85,578) 
(58,24,630) (58,25,252) (58,30,778) (58,56,276) (58,60,799) (58,90,907) (58,98,91) 
(59,10,448) (59,24,886) (59,31,796) (59,61,720) (59,66,936) (59,84,238) 
(60,7,939) (60,11,340) (60,12,177) (60,34,583) (60,39,196) (60,58,799) (60,62,417) (60,69,672) (60,91,28) (60,94,536) 
(61,1,848) (61,11,298) (61,32,994) (61,33,929) (61,35,240) (61,36,899) (61,38,533) (61,42,88) (61,47,291) (61,55,907) 
(61,59,720) (61,73,585) (61,75,592) (61,84,759) 
(62,1,465) (62,3,114) (62,5,711) (62,12,869) (62,13,822) (62,16,211) (62,22,498) (62,27,836) (62,34,873) (62,35,103) 
(62,55,141) (62,60,417) (62,74,893) (62,94,458) 
(63,2,253) (63,5,776) (63,20,930) (63,35,525) (63,41,764) (63,87,648) (63,92,992) 
(64,52,313) (64,71,303) 
(65,8,521) (65,12,115) (65,16,989) (65,30,474) (65,43,963) (65,50,485) (65,70,421) 
(66,18,197) (66,21,919) (66,23,826) (66,52,340) (66,55,44) (66,59,936) (66,70,861) (66,76,330) (66,81,612) (66,89,464) 
(66,92,13) 
(67,11,530) (67,34,934) (67,38,737) (67,46,516) (67,56,92) (67,57,555) (67,87,632) (67,100,61) 
(68,30,545) (68,53,231) (68,72,112) (68,73,898) (68,80,53) (68,80,420) (68,90,954) 
(69,9,773) (69,20,582) (69,23,803) (69,28,526) (69,38,765) (69,60,672) (69,70,427) 
(70,56,432) (70,65,421) (70,66,861) (70,69,427) (70,79,312) (70,80,847) (70,85,993) (70,88,368) (70,96,25) (70,98,659) 
(71,3,77) (71,4,903) (71,13,83) (71,31,324) (71,36,324) (71,43,944) (71,49,6) (71,64,303) (71,74,598) (71,84,581) 
(71,89,357) 
(72,12,901) (72,12,973) (72,15,815) (72,23,412) (72,26,154) (72,40,917) (72,43,135) (72,68,112) (72,74,525) (72,77,223) 
(72,83,281) (72,87,176) (72,88,487) (72,93,903) (72,99,850) 
(73,21,652) (73,26,537) (73,32,840) (73,40,30) (73,43,8) (73,61,585) (73,68,898) (73,81,484) (73,90,675) (73,98,965) 
(74,11,691) (74,32,821) (74,35,313) (74,41,720) (74,46,252) (74,49,69) (74,62,893) (74,71,598) (74,72,525) (74,86,902) 
(74,100,612) 
(75,7,846) (75,13,416) (75,14,747) (75,16,517) (75,30,523) (75,33,597) (75,39,812) (75,61,592) (75,76,78) 
(76,6,632) (76,17,114) (76,18,312) (76,24,772) (76,27,723) (76,36,859) (76,39,408) (76,54,353) (76,66,330) (76,75,78) 
(76,87,512) (76,95,429) (76,99,231) 
(77,2,410) (77,8,690) (77,14,880) (77,20,34) (77,32,659) (77,36,58) (77,38,867) (77,47,966) (77,49,301) (77,72,223) 
(77,80,672) (77,96,709) 
(78,1,429) (78,15,305) (78,22,635) (78,28,651) (78,34,398) (78,55,467) (78,87,882) (78,95,990) (78,96,663) (78,99,687) 
(79,14,356) (79,24,915) (79,37,289) (79,39,915) (79,49,136) (79,70,312) (79,94,63) 
(80,31,400) (80,45,149) (80,51,958) (80,54,810) (80,68,420) (80,68,53) (80,70,847) (80,77,672) (80,97,425) 
(81,2,924) (81,26,343) (81,34,803) (81,48,465) (81,56,322) (81,66,612) (81,73,484) (81,83,639) (81,85,382) (81,91,801) 
(81,93,56) (81,95,455) (81,99,301) 
(82,7,335) (82,11,194) (82,13,422) (82,15,147) (82,24,617) (82,30,648) (82,40,909) (82,45,628) (82,57,303) (82,83,76) 
(82,95,689) (82,100,587) 
(83,9,229) (83,11,233) (83,22,347) (83,22,232) (83,25,817) (83,27,680) (83,43,678) (83,45,361) (83,50,39) (83,72,281) 
(83,81,639) (83,82,76) (83,85,204) (83,86,567) (83,92,496) (83,94,68) (83,98,103) (83,99,824) 
(84,48,136) (84,52,598) (84,59,238) (84,61,759) (84,71,581) (84,85,384) (84,100,727) 
(85,8,761) (85,29,773) (85,51,300) (85,57,578) (85,70,993) (85,81,382) (85,83,204) (85,84,384) (85,89,414) (85,96,816) 
(86,10,670) (86,18,437) (86,35,783) (86,41,134) (86,74,902) (86,83,567) (86,95,798) (86,96,161) 
(87,1,48) (87,9,707) (87,14,119) (87,43,985) (87,63,648) (87,67,632) (87,72,176) (87,76,512) (87,78,882) (87,100,686) 
(88,24,67) (88,44,36) (88,50,703) (88,54,413) (88,70,368) (88,72,487) 
(89,13,225) (89,17,12) (89,23,955) (89,34,38) (89,45,386) (89,46,284) (89,49,253) (89,51,738) (89,56,280) (89,66,464) 
(89,71,357) (89,85,414) (89,92,672) 
(90,4,321) (90,7,915) (90,20,481) (90,21,300) (90,47,88) (90,48,373) (90,53,617) (90,58,907) (90,68,954) (90,73,675) 
(90,99,22) 
(91,4,206) (91,16,458) (91,22,323) (91,30,571) (91,32,579) (91,55,946) (91,60,28) (91,81,801) (91,93,894) (91,99,476) 
(92,6,742) (92,12,294) (92,51,264) (92,52,423) (92,63,992) (92,66,13) (92,83,496) (92,89,672) (92,95,861) 
(93,12,779) (93,14,872) (93,18,933) (93,26,879) (93,28,652) (93,33,755) (93,38,893) (93,55,204) (93,72,903) (93,81,56) 
(93,91,894) 
(94,1,965) (94,4,873) (94,15,232) (94,19,50) (94,21,797) (94,44,46) (94,47,875) (94,48,619) (94,56,340) (94,60,536) 
(94,62,458) (94,79,63) (94,83,68) 
(95,10,462) (95,16,973) (95,28,849) (95,47,360) (95,76,429) (95,78,990) (95,81,455) (95,82,689) (95,86,798) (95,92,861) 
(95,99,588) 
(96,17,697) (96,21,614) (96,23,913) (96,24,58) (96,26,134) (96,47,421) (96,53,467) (96,53,234) (96,70,25) (96,77,709) 
(96,78,663) (96,85,816) (96,86,161) 
(97,2,886) (97,5,720) (97,14,833) (97,22,995) (97,34,419) (97,42,643) (97,80,425) 
(98,6,57) (98,17,98) (98,29,319) (98,58,91) (98,70,659) (98,73,965) (98,83,103) 
(99,6,430) (99,11,861) (99,27,195) (99,28,72) (99,32,805) (99,72,850) (99,76,231) (99,78,687) (99,81,301) (99,83,824) 
(99,90,22) (99,91,476) (99,95,588) 
(100,3,51) (100,4,381) (100,8,300) (100,16,42) (100,32,57) (100,36,765) (100,40,464) (100,47,201) (100,67,61) (100,74,612) 
(100,82,587) (100,84,727) (100,87,686) 

