100 500
(1,7,91) (1,18,700) (1,21,206) (1,52,884) (1,58,109) (1,70,54) (1,74,885) (1,75,421) 
(2,3,675) (2,65,933) (2,76,45) (2,98,1000) 
(3,2,675) (3,10,936) (3,21,926) (3,28,871) (3,32,531) (3,38,394) (3,62,765) (3,68,114) (3,92,970) (3,100,238) 
(4,6,643) (4,9,981) (4,23,949) (4,37,966) (4,43,312) (4,48,784) (4,50,619) (4,57,610) (4,64,213) (4,68,734) 
(4,93,351) 
(5,9,316) (5,19,729) (5,20,389) (5,37,810) (5,39,466) (5,49,488) (5,55,99) (5,73,692) (5,85,98) (5,85,30) 
(5,96,682) 
(6,4,643) (6,23,873) (6,33,1) (6,47,214) (6,51,135) (6,55,484) (6,68,266) (6,70,408) (6,73,330) (6,78,764) 
(6,93,598) (6,100,375) 
(7,1,91) (7,17,602) (7,24,323) (7,33,350) (7,35,486) (7,36,486) (7,40,877) (7,44,224) (7,54,162) (7,67,148) 
(7,80,954) (7,87,944) 
(8,24,816) (8,35,693) (8,58,55) (8,92,44) (8,97,135) 
(9,4,981) (9,5,316) (9,15,425) (9,17,517) (9,25,950) (9,34,747) (9,40,395) (9,42,619) (9,44,389) (9,59,6) 
(9,64,266) (9,71,594) (9,78,749) (9,91,185) (9,96,791) 
(10,3,936) (10,25,375) (10,29,477) (10,34,922) (10,39,997) (10,46,738) (10,52,829) (10,53,18) (10,62,769) (10,66,14) 
(10,67,426) (10,85,413) (10,90,751) (10,91,908) (10,91,176) (10,98,538) (10,99,157) 
(11,48,586) (11,50,601) (11,54,691) (11,60,269) (11,90,132) (11,95,607) (11,100,238) 
(12,40,630) (12,51,567) (12,58,735) (12,63,169) (12,77,717) (12,84,1000) (12,94,953) 
(13,24,709) (13,26,743) (13,30,41) (13,32,950) (13,49,701) (13,78,148) (13,83,851) (13,86,542) (13,88,919) 
(14,38,107) (14,45,267) (14,45,321) (14,48,712) (14,56,249) (14,72,649) (14,100,11) 
(15,9,425) (15,20,82) (15,42,830) (15,71,216) (15,75,127) (15,78,175) (15,87,919) (15,95,678) (15,100,401) 
(16,28,253) (16,31,64) (16,38,164) (16,52,517) (16,59,417) (16,61,488) (16,82,572) 
(17,7,602) (17,9,517) (17,32,711) (17,37,368) (17,51,760) (17,60,391) (17,68,855) (17,73,219) (17,79,446) (17,82,412) 
(17,91,355) (17,97,170) 
(18,1,700) (18,27,897) (18,33,113) (18,49,486) (18,55,852) (18,64,507) (18,81,162) (18,99,506) 
(19,5,729) (19,29,440) (19,39,217) (19,46,47) (19,47,363) (19,52,835) (19,88,479) (19,92,678) (19,96,931) 
(20,5,389) (20,15,82) (20,35,788) (20,47,249) (20,50,103) (20,59,665) (20,62,341) (20,64,324) 
(21,1,206) (21,3,926) (21,27,417) (21,51,229) (21,52,462) (21,60,811) (21,69,462) (21,75,401) (21,89,17) (21,90,125) 
(21,95,898) 
(22,31,782) (22,57,98) (22,64,167) (22,69,758) (22,71,934) (22,100,175) 
(23,4,949) (23,6,873) (23,25,120) (23,30,36) (23,40,691) (23,48,465) (23,88,355) (23,92,184) 
(24,7,323) (24,8,816) (24,13,709) (24,27,230) (24,51,342) (24,55,224) (24,71,128) (24,82,950) (24,83,17) (24,98,176) 
(24,99,332) 
(25,9,950) (25,10,375) (25,23,120) (25,37,632) (25,48,264) (25,66,388) (25,79,356) (25,85,401) (25,87,172) (25,95,436) 
(25,96,558) 
(26,13,743) (26,39,242) (26,41,128) (26,48,556) (26,51,323) (26,54,802) (26,55,664) (26,69,733) (26,72,121) (26,74,600) 
(26,86,125) (26,95,763) (26,100,487) 
(27,18,897) (27,21,417) (27,24,230) (27,39,613) (27,73,663) (27,85,979) (27,88,913) (27,89,610) (27,91,459) (27,94,933) 
(27,97,459) 
(28,3,871) (28,16,253) (28,33,189) (28,39,628) (28,73,557) (28,76,156) 
(29,10,477) (29,19,440) (29,48,877) (29,59,254) (29,63,680) (29,65,373) (29,66,616) (29,69,806) (29,72,86) (29,89,794) 
(29,100,448) 
(30,13,41) (30,23,36) (30,34,164) (30,41,773) (30,45,380) (30,59,412) (30,61,942) (30,67,125) (30,71,503) (30,73,66) 
(30,79,737) (30,86,164) (30,87,79) (30,90,443) (30,93,674) 
(31,16,64) (31,22,782) (31,38,531) (31,42,926) (31,44,59) (31,48,573) (31,60,44) (31,77,672) (31,85,439) 
(32,3,531) (32,13,950) (32,17,711) (32,60,366) (32,60,979) (32,62,1000) (32,69,611) (32,73,245) (32,93,538) (32,99,433) 
(33,6,1) (33,7,350) (33,18,113) (33,28,189) (33,38,970) (33,47,596) (33,72,337) (33,73,727) (33,75,92) (33,77,382) 
(33,84,853) 
(34,9,747) (34,10,922) (34,30,164) (34,39,803) (34,52,499) (34,53,694) (34,58,663) (34,64,734) (34,73,255) (34,74,915) 
(34,77,101) (34,78,375) (34,93,415) 
(35,7,486) (35,8,693) (35,20,788) (35,62,728) (35,63,81) (35,66,227) (35,76,988) 
(36,7,486) (36,43,371) (36,89,23) (36,93,460) 
(37,4,966) (37,5,810) (37,17,368) (37,25,632) (37,43,524) (37,46,230) (37,49,892) (37,51,525) (37,59,849) (37,64,915) 
(37,72,189) (37,76,350) (37,80,409) 
(38,3,394) (38,14,107) (38,16,164) (38,31,531) (38,33,970) (38,47,847) (38,64,89) (38,70,899) (38,78,547) 
(39,5,466) (39,10,997) (39,19,217) (39,26,242) (39,27,613) (39,28,628) (39,34,803) (39,45,16) (39,48,492) (39,84,311) 
(39,96,87) 
(40,7,877) (40,9,395) (40,12,630) (40,23,691) (40,42,907) (40,44,110) (40,48,948) (40,57,837) (40,83,84) (40,84,36) 
(41,26,128) (41,30,773) (41,55,373) (41,59,540) (41,62,236) (41,70,583) (41,74,914) 
(42,9,619) (42,15,830) (42,31,926) (42,40,907) (42,49,861) (42,81,744) (42,92,580) (42,96,31) 
(43,4,312) (43,36,371) (43,37,524) (43,95,313) 
(44,7,224) (44,9,389) (44,31,59) (44,40,110) (44,72,243) (44,85,114) 
(45,14,321) (45,14,267) (45,30,380) (45,39,16) (45,68,892) (45,96,910) 
(46,10,738) (46,19,47) (46,37,230) (46,56,331) (46,58,923) (46,70,378) (46,78,628) (46,94,803) 
(47,6,214) (47,19,363) (47,20,249) (47,33,596) (47,38,847) (47,48,678) (47,54,360) (47,66,639) (47,74,110) (47,77,772) 
(47,77,514) (47,84,561) (47,87,567) (47,92,106) 
(48,4,784) (48,11,586) (48,14,712) (48,23,465) (48,25,264) (48,26,556) (48,29,877) (48,31,573) (48,39,492) (48,40,948) 
(48,47,678) (48,56,575) (48,77,55) (48,84,155) 
(49,5,488) (49,13,701) (49,18,486) (49,37,892) (49,42,861) (49,55,440) (49,79,857) (49,85,509) (49,98,105) 
(50,4,619) (50,11,601) (50,20,103) (50,52,798) (50,57,693) (50,58,665) (50,60,796) (50,66,891) (50,67,508) (50,68,902) 
(50,69,517) (50,79,147) (50,84,918) (50,85,970) 
(51,6,135) (51,12,567) (51,17,760) (51,21,229) (51,24,342) (51,26,323) (51,37,525) (51,64,16) (51,68,17) (51,70,518) 
(51,71,376) (51,77,146) (51,78,646) (51,81,214) (51,92,304) 
(52,1,884) (52,10,829) (52,16,517) (52,19,835) (52,21,462) (52,34,499) (52,50,798) (52,59,98) (52,60,339) (52,96,597) 
(53,10,18) (53,34,694) (53,58,601) (53,65,947) (53,67,801) (53,77,862) 
(54,7,162) (54,11,691) (54,26,802) (54,47,360) (54,60,800) (54,63,133) (54,76,672) (54,78,455) (54,80,756) (54,88,291) 
(54,95,422) (54,99,39) 
(55,5,99) (55,6,484) (55,18,852) (55,24,224) (55,26,664) (55,41,373) (55,49,440) (55,61,466) (55,71,603) (55,82,650) 
(55,90,604) (55,93,19) 
(56,14,249) (56,46,331) (56,48,575) (56,64,989) (56,68,88) (56,77,851) (56,81,103) (56,98,343) 
(57,4,610) (57,22,98) (57,40,837) (57,50,693) (57,66,769) (57,76,645) (57,95,200) (57,96,674) 
(58,1,109) (58,8,55) (58,12,735) (58,34,663) (58,46,923) (58,50,665) (58,53,601) (58,65,280) (58,67,754) (58,89,673) 
(59,9,6) (59,16,417) (59,20,665) (59,29,254) (59,30,412) (59,37,849) (59,41,540) (59,52,98) (59,63,876) (59,92,473) 
(60,11,269) (60,17,391) (60,21,811) (60,31,44) (60,32,979) (60,32,366) (60,50,796) (60,52,339) (60,54,800) (60,65,269) 
(60,70,634) (60,71,770) (60,75,701) (60,89,456) 
(61,16,488) (61,30,942) (61,55,466) (61,71,513) (61,77,287) (61,92,31) 
(62,3,765) (62,10,769) (62,20,341) (62,32,1000) (62,35,728) (62,41,236) (62,74,290) (62,84,910) (62,86,470) (62,94,336) 
(63,12,169) (63,29,680) (63,35,81) (63,54,133) (63,59,876) (63,69,453) (63,83,801) (63,89,962) (63,93,393) 
(64,4,213) (64,9,266) (64,18,507) (64,20,324) (64,22,167) (64,34,734) (64,37,915) (64,38,89) (64,51,16) (64,56,989) 
(64,68,859) (64,71,735) (64,82,583) (64,84,858) (64,91,775) (64,93,480) (64,99,694) 
(65,2,933) (65,29,373) (65,53,947) (65,58,280) (65,60,269) (65,92,759) 
(66,10,14) (66,25,388) (66,29,616) (66,35,227) (66,47,639) (66,50,891) (66,57,769) (66,74,146) (66,82,664) (66,95,738) 
(67,7,148) (67,10,426) (67,30,125) (67,50,508) (67,53,801) (67,58,754) (67,71,775) (67,76,915) (67,78,514) 
(68,3,114) (68,4,734) (68,6,266) (68,17,855) (68,45,892) (68,50,902) (68,51,17) (68,56,88) (68,64,859) (68,81,343) 
(69,21,462) (69,22,758) (69,26,733) (69,29,806) (69,32,611) (69,50,517) (69,63,453) (69,84,498) (69,85,588) (69,95,411) 
(69,99,390) 
(70,1,54) (70,6,408) (70,38,899) (70,41,583) (70,46,378) (70,51,518) (70,60,634) (70,73,251) (70,74,335) (70,75,949) 
(70,79,741) (70,86,753) (70,89,637) (70,90,732) (70,93,265) (70,94,352) (70,97,16) 
(71,9,594) (71,15,216) (71,22,934) (71,24,128) (71,30,503) (71,51,376) (71,55,603) (71,60,770) (71,61,513) (71,64,735) 
(71,67,775) (71,72,707) (71,75,286) (71,76,362) (71,97,601) 
(72,14,649) (72,26,121) (72,29,86) (72,33,337) (72,37,189) (72,44,243) (72,71,707) (72,80,131) (72,85,194) (72,93,220) 
(73,5,692) (73,6,330) (73,17,219) (73,27,663) (73,28,557) (73,30,66) (73,32,245) (73,33,727) (73,34,255) (73,70,251) 
(73,84,357) (73,86,495) 
(74,1,885) (74,26,600) (74,34,915) (74,41,914) (74,47,110) (74,62,290) (74,66,146) (74,70,335) (74,88,7) (74,90,278) 
(74,100,374) 
(75,1,421) (75,15,127) (75,21,401) (75,33,92) (75,60,701) (75,70,949) (75,71,286) (75,85,743) 
(76,2,45) (76,28,156) (76,35,988) (76,37,350) (76,54,672) (76,57,645) (76,67,915) (76,71,362) (76,79,772) (76,86,708) 
(76,93,437) (76,94,718) (76,95,962) (76,97,798) 
(77,12,717) (77,31,672) (77,33,382) (77,34,101) (77,47,772) (77,47,514) (77,48,55) (77,51,146) (77,53,862) (77,56,851) 
(77,61,287) (77,90,663) (77,91,43) (77,97,49) 
(78,6,764) (78,9,749) (78,13,148) (78,15,175) (78,34,375) (78,38,547) (78,46,628) (78,51,646) (78,54,455) (78,67,514) 
(78,82,979) (78,93,795) 
(79,17,446) (79,25,356) (79,30,737) (79,49,857) (79,50,147) (79,70,741) (79,76,772) 
(80,7,954) (80,37,409) (80,54,756) (80,72,131) (80,83,99) (80,96,209) 
(81,18,162) (81,42,744) (81,51,214) (81,56,103) (81,68,343) (81,85,223) (81,100,58) 
(82,16,572) (82,17,412) (82,24,950) (82,55,650) (82,64,583) (82,66,664) (82,78,979) (82,87,126) (82,88,173) (82,99,767) 
(83,13,851) (83,24,17) (83,40,84) (83,63,801) (83,80,99) 
(84,12,1000) (84,33,853) (84,39,311) (84,40,36) (84,47,561) (84,48,155) (84,50,918) (84,62,910) (84,64,858) (84,69,498) 
(84,73,357) (84,87,350) (84,96,609) 
(85,5,30) (85,5,98) (85,10,413) (85,25,401) (85,27,979) (85,31,439) (85,44,114) (85,49,509) (85,50,970) (85,69,588) 
(85,72,194) (85,75,743) (85,81,223) (85,94,648) (85,96,978) 
(86,13,542) (86,26,125) (86,30,164) (86,62,470) (86,70,753) (86,73,495) (86,76,708) (86,89,828) (86,95,476) (86,97,753) 
(87,7,944) (87,15,919) (87,25,172) (87,30,79) (87,47,567) (87,82,126) (87,84,350) (87,100,108) 
(88,13,919) (88,19,479) (88,23,355) (88,27,913) (88,54,291) (88,74,7) (88,82,173) (88,90,644) (88,99,651) 
(89,21,17) (89,27,610) (89,29,794) (89,36,23) (89,58,673) (89,60,456) (89,63,962) (89,70,637) (89,86,828) (89,98,982) 
(90,10,751) (90,11,132) (90,21,125) (90,30,443) (90,55,604) (90,70,732) (90,74,278) (90,77,663) (90,88,644) (90,97,356) 
(91,9,185) (91,10,176) (91,10,908) (91,17,355) (91,27,459) (91,64,775) (91,77,43) (91,96,345) 
(92,3,970) (92,8,44) (92,19,678) (92,23,184) (92,42,580) (92,47,106) (92,51,304) (92,59,473) (92,61,31) (92,65,759) 
(92,95,678) 
(93,4,351) (93,6,598) (93,30,674) (93,32,538) (93,34,415) (93,36,460) (93,55,19) (93,63,393) (93,64,480) (93,70,265) 
(93,72,220) (93,76,437) (93,78,795) 
(94,12,953) (94,27,933) (94,46,803) (94,62,336) (94,70,352) (94,76,718) (94,85,648) 
(95,11,607) (95,15,678) (95,21,898) (95,25,436) (95,26,763) (95,43,313) (95,54,422) (95,57,200) (95,66,738) (95,69,411) 
(95,76,962) (95,86,476) (95,92,678) 
(96,5,682) (96,9,791) (96,19,931) (96,25,558) (96,39,87) (96,42,31) (96,45,910) (96,52,597) (96,57,674) (96,80,209) 
(96,84,609) (96,85,978) (96,91,345) 
(97,8,135) (97,17,170) (97,27,459) (97,70,16) (97,71,601) (97,76,798) (97,77,49) (97,86,753) (97,90,356) (97,99,693) 
(98,2,1000) (98,10,538) (98,24,176) (98,49,105) (98,56,343) (98,89,982) (98,100,642) 
(99,10,157) (99,18,506) (99,24,332) (99,32,433) (99,54,39) (99,64,694) (99,69,390) (99,82,767) (99,88,651) (99,97,693) 
(99,100,715) 
(100,3,238) (100,6,375) (100,11,238) (100,14,11) (100,15,401) (100,22,175) (100,26,487) (100,29,448) (100,74,374) (100,81,58) 
(100,87,108) (100,98,642) (100,99,715) 

